PERM
73.61
86.6875
109.666
255.652
652.645
161.174
86.0953
213.944
208.111
526.054
293.787
543.417
213.944
293.931
237.621
271.966
14.1293
114.424
244.008
582.662
634.426
470.658
182.865
204.14
417.322
279.909
157.998
240.717
207.923
98.2176
118.096
284.123
59.5141
10.7684
146.292
148.27
342.524
382.501
146.716
292.137
341.753
164.337
67.283
150.332
280.037
593.835
641.987
631.472
524.171
229.652
203.47
534.254
209.496
214.043
214.043
849.85
717.918
529.497
743.937
286.776
16.3176
331.831
233.439
268.318
226.197
128.394
5.48218
10.6511
14.2386
141.909
167.626
236.389
6.20602
4.20543
11.1695
9.47888
14.2386
857.978
1525.02
1420.69
183.555
134.209
280.912
792.603
303.663
184.502
138.678
391.911
550.53
133.368
526.054
251.628
422.022
992.609
708.743
204.723
197.813
121.106
6.83682
66.1727
6.75911
43.1007
33.4014
139.647
206.272
228.372
175.118
146.347
586.528
402.033
130.972
155.71
244.177
240.717
5.97826
2.66138
1.54274
35.7201
2.21333
2.16629
37.3777
192.385
108.478
288.034
229.486
139.432
136.403
137.192
152.496
214.107
510.591
85.1776
90.844
156.27
135.388
3.47424
146.469
6.92038
38.0046
62.5016
77.499
245.906
140.148
153.897
46.0916
16.1768
43.4471
216.36
109.796
109.796
25.8945
16.6897
19.7606
139.515
149.79
99.6987
97.1755
395.685
352.36
117.502
174.225
365.179
197.8
365.179
7.21854
7.21854
3.27495
291.222
228.402
21.0525
35.2557
17.4327
88.5847
135.472
162.792
108.066
128.527
89.6815
6.00703
56.2943
76.8223
114.357
34.2744
23.7254
20.0815
8.68537
138.787
361.362
134.053
274.494
557.703
215.39
125.406
193.449
249.002
249.002
155.809
201.823
326.608
115.373
125.767
5.23675
125.767
165.434
458.529
922.101
505.771
7.50597
14.0994
12.5392
569.747
8.32032
190.306
176.704
131.344
160.709
151.05
168.631
47.4733
94.9339
77.8505
4.91378
133.152
234.151
109.666
65.0525
61.1743
115.075
127.283
216.468
173.462
100.509
204.597
73.3959
209.524
231.929
173.018
240.059
189.125
206.488
112.888
138.877
95.7032
222.9
328.833
1.75993
46.3797
2.69549
2.04271
380.391
380.391
1.79125
42.5519
2.28912
260.743
2.31338
112.662
63.9822
5.17787
140.914
532.461
423.024
520.988
303.524
126.562
181.513
277.96
113.571
324.781
292.845
287.497
84.5168
139.57
103.757
458.026
77.6674
465.277
810.245
144.791
198.922
259.907
248.888
298.515
254.123
737.074
550.159
550.159
309.411
115.477
181.499
250.755
203.214
163.222
294.499
383.744
325.85
183.294
641.763
203.622
172.782
275.29
233.546
253.868
198.601
91.0157
241.172
255.478
10.3215
6.02315
29.051
61.7198
89.5346
132.51
631.472
172.782
135.201
376.561
228.996
78.5637
127.079
298.043
101.38
255.272
298.515
2.19464
3.35423
3.24636
39.9004
55.7991
73.4876
428.293
144.616
63.4489
257.026
200.505
139.515
123.655
146.28
440.358
257.634
97.2459
256.067
99.7369
232.41
173.018
26.7888
48.9937
258.865
288.814
183.386
116.381
120.617
171.312
316.367
133.699
3.68136
98.8603
4.40267
425.335
200.609
155.772
332.469
180.962
608.641
888.06
622.966
155.68
420.238
625.058
209.827
294.421
90.3134
303.953
341.147
436.808
783.333
182.168
139.021
284.921
329.232
251.187
115.3
174.347
198.922
313.477
4.01823
4.01823
5.23675
179.178
112.912
140.817
67.8356
10.6739
125.9
215.957
173.201
65.3601
60.0667
270.689
121.317
198.126
131.915
286.411
166.661
483.933
127.781
114.819
114.819
163.408
77.3598
173.989
169.563
204.723
128.124
197.385
121.015
115.549
115.549
231.945
90.9362
165.203
82.9266
65.7425
34.3477
134.774
216.418
455.487
83.1152
135.658
343.826
282.14
73.5867
249.998
121.975
102.279
198.098
190.107
196.898
440.479
284.921
196.769
92.1365
252.324
381.389
205.695
198.929
316.672
114.612
148.987
743.937
322.753
391.126
91.2075
185.686
263.132
177.224
57.3295
69.1387
21.1217
14.1841
96.1021
47.9129
17.0088
95.5218
64.364
8.65054
339.697
176.281
425.303
345.598
414.099
280.959
298.995
289.427
237.319
344.31
321.386
153.988
173.532
301.282
28.6135
4.7318
4.82896
319.246
186.054
5.99455
22.4815
8.18798
10.1593
257.634
405.618
421.587
22.1827
335.532
257.435
479.74
194.214
176.429
220.012
1520.39
527.685
486.314
486.314
988.225
1096.52
1096.52
819.833
1211.67
966.908
1264.9
674.416
1214.26
635.403
693.224
1443.86
1136.52
1525.02
658.229
608.408
774.983
723.206
260.009
241.677
241.677
664.729
872.301
137.113
165.878
211.906
317.696
495.458
361.868
280.539
226.621
232.463
526.247
191.537
198.819
189.63
219.044
191.537
226.27
123.126
154.19
277.354
120.4
140.365
201.954
117.757
54.4254
192.291
202.085
82.8287
294.538
239.419
167.488
253.876
128.99
259.538
183.731
252.765
131.686
211.346
81.6131
265.505
109.832
300.471
93.2431
339.765
414.099
681.818
204.223
333.087
1001.43
185.896
1516.72
210.009
278.729
429.389
348.924
285.74
8.90985
72.4175
113.04
157.961
170.534
89.1473
29.051
130.353
185.916
375.663
77.9452
112.912
161.595
404.022
359.626
126.111
852.485
126.111
157.037
490.043
397.957
190.36
230.769
190.36
553.552
683.664
355.337
120.72
1223.2
293.296
115.932
182.435
1688.45
1428.39
1497.95
228.387
372.272
332.503
1371.74
438.68
546.123
438.68
332.682
1091.86
964.233
7.06413
237.659
189.723
58.3035
23.1968
15.9749
8.69643
343.297
12.0733
9.71942
14.8021
63.8163
9.71942
134.186
127.974
31.1423
273.801
151.545
127.427
340.787
238.685
149.716
152.735
172.953
627.486
308.032
438.06
241.024
359.7
359.7
16.4855
27.9381
35.2727
46.8787
19.5235
255.852
350.393
15.1148
15.1148
10.1493
17.7425
79.222
85.2669
12.4827
14.2033
42.3514
24.6088
26.2186
33.7907
30.5447
5.94132
55.8902
39.917
5.94434
4.91378
4.87583
119.343
85.1776
54.2676
71.7805
185.667
8.98122
321.956
169.362
54.8637
153.359
81.0252
185.542
196.762
567.755
739.833
562.864
4.57482
152.857
152.857
189.57
483.748
242.347
310.611
1.83086
0.922424
1.55774
1.23536
1.49648
1.22064
123.409
2.53359
1.75993
33.1447
35.0151
53.0604
52.3056
42.6718
252.652
207.166
419.264
169.135
449.244
279.618
232.927
284.53
218.529
206.39
9.93849
10.4927
237.908
84.2816
123.481
316.367
120.617
23.1026
240.876
162.37
195.6
366.931
166.823
107.231
142.663
361.844
93.589
164.398
141.1
73.3801
177.006
199.167
117.502
209.615
125.563
211.785
131.585
379.995
105.85
357.142
157.173
224.133
117.794
182.441
122.221
9.80805
76.4449
9.08501
17.5921
10.4683
25.3473
9.68818
12.6692
9.08501
298.642
4.08943
7.26016
4.99889
6.89314
3.38952
6.07337
11.2476
3.56267
8.62682
71.3892
105.017
56.3548
101.052
87.6696
56.3548
133.062
53.0498
58.3419
53.599
31.5649
114.461
118.604
67.4405
58.4385
92.8375
100.913
136.012
132.053
85.2946
44.3484
157.314
213.551
159.441
44.1088
73.4876
445.036
265.401
95.7932
309.749
177.088
112.112
112.112
234.787
313.352
17.763
30.5447
22.6523
11.7968
226.785
403.182
165.097
394.597
301.214
224.073
14.1717
15.2607
11.7968
16.5172
161.34
46.7599
18.6209
11.0205
22.6761
247.824
16.5172
231.415
259.387
223.587
572.308
421.233
304.045
93.4458
18.2999
32.7757
18.4103
11.2161
58.0905
18.9821
165.579
13.7071
18.9821
10.2414
15.5157
15.9118
9.3869
6.81037
16.8768
266.922
4.29936
14.4864
258.932
177.025
189.417
206.915
322.031
41.3562
194.61
353.041
469.02
367.655
87.9999
387.688
246.065
489.285
404.052
70.8224
8.62682
318.875
800.882
505.771
37.9136
386.747
1400.47
995.404
282.297
313.592
927.217
534.681
879.794
510.841
671.918
671.918
218.023
464.952
328.447
127.541
199.016
397.606
303.784
200.724
508.137
195.129
152.814
197.941
189.417
306.197
252.807
147.36
194.51
203.194
23.1507
252.824
7.11018
9.18197
25.923
11.11
197.359
26.1291
36.5888
21.0525
32.6896
44.2452
228.621
189.218
213.965
287.61
130.851
110.458
170.534
238.288
225.185
207.313
93.7713
114.466
237.542
322.592
154.466
42.2356
154.466
234.565
43.1283
18.4417
33.6594
212.12
43.2336
15.5307
312.646
208.084
250.569
57.4866
222.32
149.802
146.159
117.411
311.706
246.674
50.8306
14.7212
48.8724
25.923
445.903
18.4832
14.1354
36.0147
489.387
658.541
437.925
503.646
3.56267
386.509
93.3929
86.8709
80.0702
152.008
182.585
191.724
537.678
98.6762
117.157
189.305
164.953
203.248
318.014
581.974
147.657
241.652
186.054
361.362
154.533
238.437
302.815
387.956
181.804
413.365
239.31
382.803
258.865
300.551
185.686
290.926
173.952
214.63
222.857
206.008
312.108
377.569
377.569
500.334
136.512
109.955
332.727
180.657
1399.43
181.072
202.745
1264.9
518.243
798.58
978.733
422.556
428.429
376.709
400.388
415.037
241.944
267.832
370.943
210.009
177.153
21.4979
365.116
54.6692
286.009
264.071
115.768
233.723
242.339
1.54499
72.8811
421.973
423.996
152.789
325.85
196.586
66.6845
63.6594
49.4499
4.71686
250.715
418.021
243.272
264.372
282.739
0.988991
289.967
250.657
229.78
350.938
55.8902
244.382
350.515
241.48
387.52
181.83
212.12
92.6153
90.7911
633.666
224.844
299.318
329.421
373.184
195.398
244.901
332.829
415.448
16.6652
340.532
400.134
321.106
526.807
30.8486
252.824
481.327
421.909
317.284
573.318
547.119
72.5104
67.2998
92.3729
344.817
520.962
89.7285
76.8441
185.294
219.147
370.104
190.047
133.699
4.40267
56.1736
43.9242
190.991
43.2469
7.69766
169.336
216.908
189.272
233.08
208.798
223.38
374.714
452.85
777.166
414.412
327.696
1286.14
182.494
223.55
218.159
251.825
155.772
113.632
130.16
139.304
95.5544
126.489
291.021
111.739
172.947
420.557
340.739
84.9024
81.5636
1134.77
1688.45
1228.75
1695.24
1516.72
137.445
385.504
444.914
288.156
201.554
190.3
291.707
283.837
227.66
2.91494
186.638
121.052
85.0749
64.0605
49.723
48.347
441.716
233.471
244.366
330.88
330.88
158.614
142.712
284.003
171.211
287.722
176.916
159.04
143.437
235.304
149.802
297.029
207.517
217.602
34.5248
566.736
820.038
526.514
5.2662
519.046
278.529
25.0517
307.607
448.116
491.014
317.834
284.81
293.496
145.22
306.562
155.109
184.998
1001.18
87.318
75.7088
1228.75
1094.02
414.771
200.225
71.9599
213.187
12.1951
697.848
846.639
122.951
13.7973
370.797
224.237
228.471
203.394
212.524
212.908
84.5028
180.833
66.8762
113.803
85.7329
118.048
15.824
169.765
72.9042
270.014
162.96
127.27
85.7122
101.279
130.118
279.8
1013.43
815.039
335.579
666.956
47.6248
151.392
253.144
680.407
80.0702
86.2587
207.041
408.888
258.755
189.384
296.007
201.301
350.032
257.366
115.61
255.055
531.987
305.986
59.908
186.244
6.63635
102.969
417.972
760.902
369.255
154.086
422.022
122.668
290.612
272.31
266.463
495.03
240.537
875.457
1907.58
4849.81
299.318
461.515
501.543
148.774
244.439
104.849
108.158
80.4984
418.226
81.9868
328.458
261.872
305.915
928.745
232.418
153.554
291.801
138.095
689.853
496.473
903.923
138.997
205.327
114.18
476.819
471.736
1183.04
435.205
828.404
828.825
386.973
445.321
589.773
323.522
139.636
258.153
814.435
162.823
158.287
302.088
526.444
120.828
193.335
190.08
114.789
144.622
39.1373
103.364
167.669
40.461
302.775
156.38
277.039
281.069
303.582
104.476
210.067
149.169
59.9175
65.7168
104.575
384.617
226.696
317.179
593.242
972.88
837.566
244.295
217.067
209.58
377.49
617.902
322.613
229.146
337.508
491.161
109.875
394.223
240.427
323.446
112.503
277.255
126.146
245.115
333.686
171.242
165.666
175.744
60.8535
42.6118
354.094
447.133
150.935
76.1554
96.1477
100.806
191.424
370.797
559.404
22.132
139.581
205.535
363.379
320.249
433.73
79.6755
137.787
345.705
587.598
868.702
305.945
305.945
244.272
47.0917
169.115
227.878
570.065
438.06
225.007
223.55
352.419
699.214
144.924
97.6107
115.646
75.0646
75.0646
175.048
175.055
255.438
126.94
224.377
302.823
88.3837
114.034
242.458
1271.85
1183.24
405.662
1018.77
232.273
109.887
73.9224
155.692
53.9929
56.9041
61.4748
68.5795
152.448
158.892
160.926
477.017
235.496
322.949
177.5
213.728
431.961
380.473
99.0637
140.203
194.261
280.721
129.464
208.835
237.21
280.357
365.362
211.714
197.854
208.673
211.609
394.223
270.014
92.9882
179.985
282.767
86.5377
207.041
308.309
496.473
120.267
239.216
202.016
339.754
212.254
356.72
412.788
396.061
109.716
352.982
773.399
166.348
429.421
362.045
178.553
221.718
141.202
134.637
60.1042
88.0944
433.037
472.329
6.99831
5.21258
4.2564
105.415
224.2
885.036
458.304
36.4257
116.751
170.907
537.423
309.625
546.464
271.471
11.4835
99.147
21.324
432.955
228.906
175.987
90.8969
112.485
1016.16
877.499
433.867
170.086
169.96
197.42
331.07
930.377
159.046
411.379
661.6
289.126
89.0073
364.348
925.313
831.636
331.897
807.486
405.015
126.356
75.6861
240.145
48.4823
42.746
23.0301
8.38878
363.76
329.043
126.862
120.158
132.792
120.798
1030.24
214.008
751.24
150.697
215.527
71.9754
194.476
163.638
156.817
28.6564
133.47
133.47
278.511
276.293
229.358
191.29
193.288
339.443
209.122
272.548
285.692
298.749
50.3684
52.449
196.43
86.3198
124.288
68.2619
94.2265
147.226
109.31
144.93
137.071
110.428
483.848
224.015
138.588
103.332
140.774
690.915
187.033
530.975
1163.53
597.835
335.705
429.224
449.516
634.896
585.164
923.421
1025.48
326.618
598.059
602.961
428.062
877.499
8.34701
49.0721
367.643
230.157
556.614
458.102
156.337
336.695
501.655
185.189
292.682
108.356
279.455
281.563
503.47
235.935
383.715
775.396
606.866
672.002
244.12
280.894
104.824
439.06
253.241
279.627
201.39
349.272
176.609
160.418
170.055
333.55
313.623
91.0089
170.629
182.825
148.234
271.833
480.838
191.091
105.023
131.885
222.562
90.9166
102.191
124.667
14.8065
285.517
187.777
35.8604
946.878
857.899
568.639
224.592
323.185
51.4853
947.177
493.291
17.1021
69.3559
333.605
635.583
722.268
257.893
257.692
97.1812
124.425
215.326
183.685
121.371
460.234
120.092
68.7257
158.257
133.273
275.54
138.871
101.046
588.665
171.73
254.024
82.8708
85.4317
51.3321
67.0093
347.094
410.729
386.593
113.211
311.229
97.4249
140.112
418.689
419.47
437.597
426.104
253.99
160.95
207.411
481.471
163.694
182.221
753.036
788.761
660.764
958.099
1176.36
79.6974
237.24
440.34
170.137
772.171
227.713
252.601
539.79
195.587
279.956
190.26
225.015
353.823
125.779
147.263
411.009
663.762
275.648
203.524
168.436
367.45
648.655
530.431
95.916
184.383
260.245
111.543
74.1811
284.902
238.094
240.051
319.554
178.129
230.619
230.429
353.591
198.091
367.875
198.405
147.232
14.295
565.69
493.397
580.658
228.598
441.507
490.022
438.976
528.076
305.803
82.8914
76.5263
143.678
177.923
650.26
658.267
500.551
167.576
157.782
161.824
299.652
327.345
405.422
590.141
377.625
316.693
212.795
431.994
497.491
168.198
147.778
301.661
583.355
498.099
173.907
869.497
307.614
272.664
253.012
355.372
415.337
39.6321
139.901
260.414
163.471
104.032
514.274
204.452
114.929
252.995
215.9
191.104
228.351
454.001
214.05
209.151
108.762
14.7294
6.24206
11.2134
152.459
155.3
184.632
91.2864
261.787
454.772
368.135
209.756
244.073
99.7941
138.233
112.301
270.855
434.951
629.468
516.066
537.705
606.341
596.856
542.979
388.631
799.158
904.902
549.839
221.248
133.044
60.2529
114.765
135.496
316.083
389.11
127.986
145.172
81.2736
139.123
182.421
230.059
160.146
201.974
101.984
108.393
363.098
491.693
545.655
292.261
163.856
163.963
331.908
333.572
721.139
509.271
514.878
66.0973
184.456
140.824
347.322
193.409
330.489
389.421
350.069
110.348
132.876
432.634
803.645
491.394
99.5338
133.97
656.85
97.5465
88.6923
121.22
85.8699
9.99505
9.99505
156.299
595.75
114.418
143.309
185.91
185.91
237.682
208.63
73.5561
255.635
260.77
653.808
131.452
304.004
157.406
97.1626
297.33
166.16
197.08
274.049
270.032
199.5
150.965
256.276
153.591
334.025
206.929
387.885
180.348
252.545
219.03
287.459
114.083
26.3402
7.17537
12.5974
7.17537
3.69077
6.3194
385.729
82.1766
110.244
326.301
205.611
211.963
136.681
296.483
319.661
8.31623
19.3797
8.35945
10.4636
206.461
115.622
476.117
372.247
147.687
175.808
176.237
637.373
650.222
563.895
625.479
210.32
316.525
493.012
3.048
4.75836
4.15545
6.10305
3.69603
3.775
270.934
161.099
215.584
282.445
241
136.374
277.553
109.697
348.732
379.847
332.885
251.341
130.425
130.425
144.361
56.8048
136.999
97.9173
149.522
129.38
184.456
71.2557
326.059
87.3856
114.771
72.5031
92.9101
47.5112
40.0501
157.216
180.684
128.045
196.086
201.761
114.187
69.557
82.9825
85.1641
62.1165
267.928
321.18
330.066
66.4585
406.179
124.889
194.644
105.564
242.277
285.823
509.725
616.813
214.551
203.441
201.06
859.678
313.498
611.29
16.984
7.55
364.181
341.903
468.771
436.158
491.206
588.665
937.393
282.701
106.694
414.833
54.014
357.044
314.53
363.558
169.991
14.7451
10.257
155.533
6.57179
118.048
319.044
319.919
695.327
1034.41
592.621
427.834
571.789
801.522
16.3997
81.5561
214.236
172.966
74.9292
216.757
114.302
477.863
428.625
104.849
672.416
565.916
379.67
206.238
108.423
272.7
327.432
740.566
468.732
394.423
468.732
735.677
250.202
246.875
555.984
312.336
189.675
1370.45
477.843
16.2617
15.6098
268.066
12.0632
886.038
424.586
473.573
81.5066
137.463
186.685
153.701
221.519
224.882
135.856
222.105
252.2
292.577
301.473
118.265
97.4573
294.075
166.918
146.214
82.2888
166.416
274.031
445.125
135.52
205.479
443.591
447.632
319.972
182.312
269.856
202.689
233.974
260.845
141.396
570.065
737.381
532.957
707.147
589.125
985.261
598.662
455.692
434.73
493.956
857.749
501.367
176.563
238.389
210.151
200.684
434.951
442.783
720.305
577.051
80.2203
88.5648
11.9287
9.67891
6.90761
6.90761
90.2271
171.249
343.98
878.236
129.007
67.7701
129.007
153.114
173.195
138.618
304.275
320.26
315.725
258.596
335.066
229.509
472.841
53.147
105.266
107.676
249.066
96.7906
93.3603
59.0028
206.705
88.3227
334.67
697.035
161.006
330.245
210.413
69.4766
74.0744
57.819
87.7842
119.476
93.0145
136.789
198.614
72.9503
68.2045
90.2068
46.6185
155.864
176.127
138.51
210.525
376.95
618.586
618.586
198.193
8.81305
215.188
14.6892
321.18
313.529
149.668
127.175
13.6459
14.0439
42.483
26.5943
169.909
180.231
193.757
193.757
6.53727
11.7516
7.51172
145.166
276.995
230.406
10.3132
77.7114
11.018
264.491
132.425
168.668
48.6234
21.4327
7.66692
4.24957
5.37621
7.0623
8.90199
3.14491
68.6932
10.4916
3.24428
6.1609
5.22865
609.929
294.22
433.596
372.721
386.342
1153.88
594.715
528.344
5.93999
301.899
119.451
162.874
302.327
192.472
196.782
333.789
145.312
113.309
165.141
250.438
260.921
215.648
323.923
117.672
154.833
474.662
281.802
245.45
170.187
83.8389
111.617
161.366
17.9616
2.6054
318.003
559.32
8.90503
2.6054
7.22245
8.06634
142.277
416.722
184.265
432.818
7.17788
5.27295
3.48477
2.9314
2.35026
0.964322
6.75737
3.36401
3.18676
832.986
210.186
167.594
85.1294
88.0871
268.502
118.726
200.437
272.966
331.092
344.734
188.444
359.013
196.924
116.363
139.491
283.873
60.6326
320.143
367.955
401.943
630.432
45.7847
311.994
402.318
651.105
492.479
535.433
225.609
198.649
76.215
42.0837
121.444
222.011
231.24
240.497
275.469
286.626
190.08
214.079
104.494
142.857
460.74
103.551
474.784
937.588
425.466
467.956
5.97926
10.3405
26.2142
202.243
276.806
238.661
500.884
266.326
539.664
261.252
386.175
403.122
196.579
640.429
643.516
779.847
684.963
602.67
104.662
93.1384
7.9201
79.6901
120.333
129.536
203.636
118.532
118.532
183.008
104.973
27.4371
104.225
508.454
303.703
316.862
735.934
222.474
103.895
321.365
81.7538
208.224
190.697
201.088
173.049
11.1139
24.6664
313.25
404.863
184.019
154.95
9.82446
296.688
46.999
667.527
595.468
220.005
418.626
441.264
590.667
158.497
656.692
710.727
391.041
212.076
1109.1
305.068
556.313
398.911
376.28
496.519
558.33
177.859
101.431
23.6033
203.179
295.572
210.497
521.609
247.605
483.538
814.164
353.42
245.266
400.431
184.514
302.964
99.6548
260.23
315.683
307.221
273.471
492.311
522.49
393.23
12.5002
258.471
20.5809
6.44857
7.83008
148.738
266.55
316.567
63.4949
10.7895
2.00164
136.554
12.4218
6.2769
246.723
214.1
184.143
166.923
301.869
183.43
298.319
610.462
131.716
199.426
290.356
99.2295
8.34264
9.82381
12.6375
26.1815
20.722
5.51223
282.259
248.874
338.174
358.699
11.2484
119.663
212.915
161.452
239.441
604.126
263.106
764.576
354.894
1186.43
692.112
1564.49
426.629
866.637
1079.71
898.465
838.87
449.154
295.252
295.368
240.451
240.451
132.029
338.383
254.238
282.243
172.611
415.839
249.228
104.462
495.285
166.629
258.127
503.114
218.835
103.895
116.684
180.49
380.609
373.715
426.629
213.643
456.098
90.1738
88.88
292.855
154.08
573.347
621.195
242.142
738.007
463.979
496.56
196.383
572.103
498.253
728.896
349.924
311.745
122.957
2.78365
1.36059
1.90763
299.328
507.166
378.15
196.309
242.971
2.11605
2.07249
1.48572
580.064
0.855057
1.62525
199.713
575.119
542.098
458.342
231.201
185.437
283.236
108.319
128.737
193.054
268.712
110.698
406.344
341.426
165.117
155.189
183.893
366.815
33.0663
199.829
731.326
609.995
316.609
176.378
561.278
316.388
178.148
159.379
5.34254
4.92389
200.355
281.717
403.256
171.141
198.533
308.46
806.633
5.39754
3.0782
9.24637
15.2857
396.819
396.819
626.886
203.324
4.07564
7.62817
243.675
214.609
130.683
209.207
10.2758
9.21964
7.625
37.1246
4.92389
13.4824
95.3932
15.1109
6.20303
150.728
287.337
9.16907
8.63342
13.9682
25.5066
15.0763
65.0439
70.9959
14.6538
9.78856
49.03
192.417
397.255
8.4569
10.9843
76.7412
365.079
351.447
677.228
153.156
262.288
19.8192
17.8715
42.483
16.2654
7.95888
9.92709
11.5351
11.5351
15.0458
12.0578
4.1863
20.5659
12.5742
19.1859
88.7943
97.5149
5.97926
13.7026
232.418
19.4283
9.12266
8.48114
4.50243
27.2873
8.4519
12.5865
7.06477
15.7045
20.2791
20.5015
16.0178
110.378
115.671
186.744
11.9185
18.0432
6.8643
581.587
398.487
602.023
512.105
485.522
569.719
284.911
600.767
645.168
31.7284
214.516
128.935
86.429
439.25
214.844
342.347
198.228
474.046
342.057
380.188
0.609032
99.6672
518.454
639.913
576.288
263.634
279.746
421.78
130.262
476.577
316.388
290.08
937.191
508.611
703.567
984.237
262.262
321.461
977.285
1465.56
955.703
124.065
249.108
281.645
436.485
133.206
183.763
7.96279
8.06265
99.8697
75.4918
5.99764
99.1659
63.1582
91.6426
47.2192
64.7006
64.9757
122.016
39.5982
108.22
75.6716
40.6716
97.7643
76.2004
75.7088
56.5351
119.173
185.208
140.082
8.26237
16.0331
13.8829
76.0364
56.5455
174.366
150.837
109.513
310.19
50.1351
11.7052
222.437
14.7443
17.0304
16.6829
186.75
307.942
14.5594
125.263
179.236
20.3707
9.52941
304.736
335.772
149.516
75.2672
18.6274
63.9386
7.97339
159.546
348.576
205.924
265.549
104.743
13.4183
33.5292
86.0473
15.2357
4.53888
3.47499
305.612
6.42036
14.5594
14.1157
222.709
216.245
338.774
15.615
8.26292
10.3717
209.306
11.043
9.90861
18.9108
208.098
113.656
101.556
6.62962
3.57071
9.57559
4.58488
225.155
102.631
139.1
1.82686
9.5021
6.49774
112.57
194.348
146.728
2.82429
137.926
5.69156
14.9961
14.7286
6.93952
1.82686
4.72024
1.67455
1.30389
0.928623
1.52621
3.23673
107.88
516.65
249.244
354.156
165.604
18.0028
94.0706
205.842
431.34
300.846
175.962
213.636
19.9469
28.9731
19.6907
8.14247
228.575
117.29
357.317
404.217
313.623
438.629
353.029
331.136
587.354
374.873
254.767
291.079
541.431
584.526
293.506
366.004
504.628
364.924
196.89
401.098
218.137
541.431
442.47
768.236
9.29852
2.88087
8.33542
27.4296
468.693
363.709
4.37926
14.9628
10.0296
196.154
7.52191
93.7386
1.7413
41.606
25.7341
300.611
235.78
767.316
600.063
302.236
275.182
482.124
335.373
168.739
705.607
571.124
83.7831
119.003
503.047
164.586
736.192
379.67
371.14
323.815
230.944
221.095
333.741
232.302
401.408
331.864
177.186
153.162
167.702
250.934
320.903
202.312
17.7345
544.639
14.4277
7.20013
11.5168
6.54244
9.55044
894.817
726.438
136.301
266.419
115.245
154.288
169.487
524.193
336.057
16.7712
8.64794
16.1081
463.122
5.94661
23.4401
9.23138
8.75684
7.20588
101.676
151.996
231.157
22.9513
20.5726
24.3505
25.6228
17.2351
168.115
69.8295
86.7077
119.318
219.961
27.9539
17.7128
10.1548
12.21
14.2657
25.7967
10.988
210.737
22.9513
297.234
124.547
454.753
10.2939
20.7253
3.18334
6.86755
8.47493
9.14584
11.6855
9.20316
9.49712
7.58993
118.447
147.196
365.836
262.288
10.5833
4.98552
9.26871
5.71914
11.9209
11.5931
11.5931
4.45111
8.54083
5.10549
3.74709
24.9859
15.5107
3.12886
261.38
181.377
169.822
5.04334
50.3801
87.8719
127.637
16.1749
12.8884
4.35057
6.92677
12.7087
9.17632
225.534
26.4817
9.68648
24.6802
304.635
281.471
208.546
161.508
224.754
284.031
95.1411
214.766
396.397
234.772
421.089
431.157
352.604
115.178
206.169
136.566
80.2343
14.0292
253.885
16.3731
22.3266
5.49789
7.54127
20.108
3.30861
22.9133
10.6109
6.58597
23.6446
11.0401
9.68028
368.071
8.13976
243.422
277.398
10.0779
9.73456
148.847
255.098
162.507
154.846
12.0162
14.0702
38.8308
9.24545
27.4636
120.273
14.4591
8.35007
10.1826
5.69359
9.77815
8.49074
25.3534
23.0663
219.205
255.529
8.42754
10.727
18.3444
19.9316
15.919
7.96769
12.3329
9.58435
5.89111
10.2126
15.3891
5.57481
9.22317
34.7331
14.4021
24.983
50.0818
20.1347
10.7101
3.93922
6.13701
14.0879
9.89238
7.29018
22.0715
7.44477
254.132
13.3439
534.832
250.771
565.186
317.337
14.3992
12.649
6.17486
30.2201
21.244
16.4519
32.2131
7.78629
12.7164
10.9415
14.0224
9.15558
7.92168
18.2789
6.17173
8.09936
8.7321
121.329
18.4669
99.1717
11.3622
7.9612
7.14612
12.5269
21.3112
9.85853
9.66974
42.0613
14.76
25.2438
9.78506
21.93
6.68863
27.0416
6.49504
16.7942
13.4663
6.25975
10.0692
7.77121
7.91905
4.32775
8.34097
118.029
304.153
7.15087
10.8572
3.71323
6.86555
5.0078
4.6972
219.627
245.595
386.133
3.8288
491.055
416.06
70.0052
143.751
191.91
158.922
208.194
245.867
132.966
321.504
121.619
117.872
9.33526
264.559
138.986
153.572
366.235
287.78
198.004
408.765
237.473
20.4653
374.499
357.091
91.9978
102.448
212.738
270.812
273.933
134.023
145.627
63.7813
142.09
2.24034
2.35202
2.03553
17.9568
162.507
102.737
71.3654
127.12
5.30009
1.58991
386.246
373.703
192.524
5.87149
11.6326
13.2506
145.202
257.518
391.611
1010.73
636.276
321.643
29.8443
3.89185
10.6968
13.1716
6.31535
165.753
146.632
67.7701
73.4644
45.4356
254.132
18.2191
26.5943
708.224
815.235
683.75
350.962
3.94407
6.06039
4.52707
187.949
4.6178
338.231
340.798
613.231
357.516
417.861
762.765
530.136
733.672
301.064
278.91
282.711
243.24
79.0633
349.453
280.739
308.573
516.414
494.297
113.486
178.354
335.431
103.031
103.457
915.869
401.038
312.667
297.595
121.461
115.78
113.156
160.678
240.419
439.945
5.15251
12.9087
6.12727
206.607
88.5309
292.893
132.461
643.329
931.345
505.611
728.896
423.334
152.405
179.185
12.4345
19.554
7.70343
29.4502
19.1679
4.3412
3.47349
3.95393
21.1556
2.45816
2.93904
4.67906
11.1734
498.232
678.068
504.229
7.14974
6.34353
5.22395
10.4292
5.99515
11.2779
190.579
287.187
392.828
915.039
325.338
27.827
194.757
203.856
169.822
242.512
4.01125
135.592
218.689
184.233
157.807
4.04874
190.705
157.782
106.638
83.5193
4.55465
201.589
100.869
295.987
169.733
239.864
6.63956
7.93765
43.2865
36.7545
11.4358
201.541
226.659
7.15296
10.3283
11.5176
399.383
183.366
188.808
202.553
106.141
176.249
120.702
161.675
154.356
7.64348
3.91107
6.15051
267.425
258.321
309.473
97.3033
20.9611
14.3574
111.678
76.1111
163.03
32.1253
215.498
164.05
356.533
227.975
9.40261
51.6143
227.174
231.286
188.927
214.83
4.72416
235.48
13.3999
250.275
176.993
395.669
139.238
94.4219
172.155
209.925
202.167
75.6118
5.89695
11.1782
6.51154
5.68678
281.5
150.685
8.27028
6.98116
9.28376
183.679
275.118
240.86
98.6697
150.532
320.977
104.482
8.30959
6.68245
5.20071
8.36578
9.5988
151.221
4.9339
11.6382
83.0454
3.76973
266.809
6.05379
236.383
259.698
151.166
414.975
339.488
290.09
236.383
233.715
264.748
115.914
88.8526
109.181
183.163
249.303
420.623
414.05
18.7927
25.1589
8.30061
27.6086
9.67754
10.4939
16
4.55465
13.9224
15.7028
11.0032
13.0772
9.33884
22.5408
6.84399
22.2892
10.0659
10.9139
11.6794
4.67051
151.08
3.55597
36.1068
37.4553
10.8054
10.076
17.8995
3.59157
6.30554
16.553
14.1374
11.7383
6.5678
13.6376
17.308
4.32088
11.3177
5.6899
152.698
292.078
171.787
181.008
867.034
553.474
1709.81
803.779
1520.85
237.264
183.542
156.448
6.37103
6.44675
14.7011
12.5253
10.4127
157.333
236.536
51.9414
148.744
109.925
124.859
4.20561
131.361
365.015
5.52766
5.49076
19.1721
29.6547
19.1721
33.6231
12.1804
15.4096
13.7155
182.486
51.162
7.70189
483.313
997.634
566.622
1.94837
3.35736
2.5219
4.78795
3.89593
142.241
4.26558
4.45329
0.811947
438.749
294.864
294.864
3.52622
68.0407
8.73363
4.11551
168.091
8.12352
72.1307
113.364
191.397
835.054
810.508
14.8778
1.84718
1.04509
1.52961
2.85548
1.25189
1.39735
2.05006
1.92232
380.283
761.858
175.547
5.48469
468.303
550.983
1120.62
379.818
738.474
210.229
119.433
173.061
1.57347
1.54161
3.14684
2.23539
1.28151
1.55193
2.71745
1.25189
2.99837
3.36522
3.38744
196.309
162.718
188.729
12.8478
69.2919
3.26991
2.74574
2.07006
10.3113
3.79736
109.507
258.824
158.922
69.2354
5.46701
191.483
129.704
237.441
175.042
193.388
6.24804
5.94394
7.17191
2.08132
7.24628
175.763
197.685
7.34522
8.18315
2.85531
2.47439
5.62214
2.25255
2139.22
644.342
868.463
841.632
723.061
672.875
588.88
747.673
991.56
133.752
271.013
584.526
776.694
926.453
5.40973
4.80367
4.67583
5.00968
3.00149
3.30787
5.94394
171.939
13.9033
3.96942
6.49958
662.84
321.138
187.29
218.202
210.602
174.742
297.632
24.4331
317.728
189.119
2.31159
3.14564
5.68072
2.74908
307.494
335.077
231.733
290.699
263.583
626.391
793.348
165.928
333.381
433.207
500.73
309.687
277.218
249.674
454.091
400.224
280.793
334.659
217.081
11.3229
23.3599
560.504
780.802
154.233
369.267
197.453
283.91
4.64582
6.96654
180.619
2.67975
2.12272
4.92057
3.1989
1.00569
262.603
614.61
313.915
303.024
254.18
565.718
651.717
483.888
586.865
214.887
471.364
276.185
404.88
100.205
182.578
316.735
630.752
508.226
525.206
504.762
275.405
187.001
275.691
471.422
307.463
484.735
94.9205
152.624
2.268
9.57423
500.355
281.71
522.612
16.522
258.697
446.705
446.705
1019.53
541.868
157.449
161.384
478.528
129.512
455.802
479.317
156.81
106.792
729.151
561.918
686.218
578.142
563.337
553.768
273.951
213.828
193.825
308.186
136.639
3.85909
6.29233
181.591
5.53788
2.17688
4.03136
2.19047
1.59448
901.798
353.397
128.118
357.677
4.1775
13.6688
161.681
179.139
276.534
137.426
96.8543
12.1744
4.81616
16.2748
328.811
224.282
241.299
32.2571
299.949
17.997
161.273
9.44291
25.8469
23.8892
13.2048
277.544
271.912
134.005
138.154
140.968
147.257
8.44122
7.19001
157.549
229.576
254.394
4.3451
5.45778
9.11552
311.291
141.083
135.273
3.86256
246.547
83.1989
134.108
262.679
227.764
115.603
160.455
248.129
211.055
225.297
120.394
234.994
192.645
11.7426
6.22837
10.3759
227.488
502.65
533.729
722.863
143.787
227.427
418.926
225.446
143.207
268.694
195.628
463.959
402.512
165.279
141.227
471.874
241.542
613.098
296.932
269.052
300.511
336.16
8.73392
13.6402
19.3741
11.7421
69.5888
207.103
9.52204
13.6918
14.6516
12.0275
7.31029
6.46867
5.24783
4.566
21.0613
160.566
288.681
202.256
101.94
121.118
162.06
369.673
100.452
61.8915
92.7333
154.417
97.3098
2.84509
13.3445
92.7333
2.85232
133.35
143.061
0.889178
1.17965
1.44319
3.08325
5.9174
4.76292
1.83295
3.08325
0.771209
141.16
3.47349
4.76292
1.05008
2.94563
4.40663
165.403
290.194
2.55617
2.51221
1.12862
3.23433
2.58362
1.22999
1.57875
378.897
1.57875
212.965
589.527
311.322
201.144
322.721
2.15633
144.821
258.48
572.651
2.29303
1.56418
1.23328
1.85303
1.09834
343.263
202.236
216.166
135.532
141.143
261.041
197.399
142.012
299.398
359.15
407.299
1.16062
0.931928
1.7421
4.76145
4.03958
856.138
18.5467
45.8473
18.5314
2.82593
17.2108
377.974
512.886
323.067
10.9144
11.1861
6.81059
1.90984
165.41
410.237
389.917
152.778
248.171
807.681
246.715
7.41257
5.22278
1.04701
1.52095
248.46
1034.15
85.678
435.665
839.373
361.741
143.419
59.5611
299.565
80.9612
335.828
247.647
139.66
3.93453
337.899
439.476
382.323
332.638
650.179
335.465
301.709
586.714
577.344
478.95
7.56824
411.81
510.684
254.362
381.732
126.735
139.046
518.834
235.202
233.195
134.444
446.616
128.605
195.249
297.741
4.99137
63.8599
257.426
92.1955
212.31
198.452
101.109
179.444
156.245
300.541
4.64095
187.871
175.195
194.139
85.9793
162.01
82.7516
19.1416
123.197
357.302
555.337
257.426
465.777
252.618
312.864
248.84
274.565
231.482
330.858
208.342
164.841
123.342
274.003
604.84
292.816
226.674
178.947
172.687
324.39
302.216
465.622
458.472
161.62
209.686
242.283
317.717
34.5406
324.892
30.59
23.16
216.31
247.76
334.364
320.1
758.443
758.443
393.302
3.84115
6.12548
280.256
239.457
214.48
330.533
34.06
11.0882
343.169
368.044
1018.4
278.149
594.492
386.693
258.497
3.91165
3.98477
134.234
129.548
205.424
285.702
125.081
493.87
566.962
321.127
123.372
176.813
383.122
281.591
430.14
107.51
64.2773
337.691
228.651
751.727
319.299
57.1713
88.027
401.99
159.558
621.992
112.338
35.0285
291.831
3.72251
8.0227
7.31187
149.978
14.4399
6.55159
91.728
88.8733
2.33477
118.163
7.74733
187.31
9.6547
2.98255
2.56021
67.8683
1.94583
5.26304
2.97553
2.78395
3.00777
2.48084
1.33813
18.9955
5.25403
2.76167
9.28345
2.3451
1.02231
1.49485
6.80737
2.1455
2.3262
1.46655
1.53324
1.89674
1.69142
1.47511
1.93073
3.24976
1.87835
2.70297
3.21804
1.89674
98.3386
0.391295
2.93096
2.46037
4.53631
10.9754
5.49949
13.7547
2.83408
10.347
17.5608
757.61
308.104
351.859
356.595
16.6976
104.35
302.226
295.173
105.856
6.33388
7.80653
53.5455
6.94437
19.0799
5.23052
79.4385
317.157
742.355
533.854
9.99397
54.478
548.121
748.37
718.791
149.777
273.623
339.189
7.67854
192.839
134.227
347.131
511.692
1104.26
412.091
420.431
340.113
532.882
748.37
893.181
4.87449
4.04843
4.0576
718.791
810.906
1201.75
1443.09
707.947
672.17
677.397
326.124
798.773
90.2406
99.9587
160.195
161.347
87.899
137.679
130.791
141.378
123.252
118.652
16.3449
26.7817
18.0456
199.726
195.324
3.19816
3.98126
5.85569
325.371
186.96
170.15
9.01829
13.1798
7.91391
239.598
151.978
240.984
213.393
285.833
161.936
468.829
686.132
564.204
381.484
201.157
438.476
253.752
442.242
81.6838
240.631
293.315
85.569
13.4324
145.916
137.011
770.021
510.935
781.523
13.8435
206.942
273.266
324.968
573.929
617.357
229.328
210.744
103.62
13.4324
329.909
274.986
321.127
639.95
360.114
672.623
317.052
396.875
7.83849
230.823
207.391
11.5655
276.284
162.593
7.75939
3.308
2.81493
12.2323
15.8074
4.10829
2.56859
362.464
9.45706
10.5848
5.17942
4.10829
494.75
371.075
4.0178
221.93
258.966
358.088
667.244
320.409
21.5185
10.0401
10.5017
37.4553
18.2692
17.3946
11.4548
4.28597
9.21519
207.201
1.85191
1.23148
184.187
784.122
374.393
484.263
601.603
10.4239
6.64608
5.9531
193.435
473.273
1.02031
3.45984
2.79091
2.56176
13.6193
343.803
659.891
162.172
142.012
201.672
296.123
134.919
188.101
233.57
326.257
5.40248
6.86538
518.972
221.908
136.314
2.4681
2.22627
7.59903
7.59903
1.2583
2.82593
2.4807
1210.18
1356.55
2005.15
124.607
4.14823
5.66609
420.189
5.22552
11.1643
2.07284
2.68647
2.22396
7.83901
22.1421
690.381
580.393
365.861
533.108
288.362
409.606
239.441
102.31
105.514
220.97
90.9627
331.941
240.185
343.932
552.935
11.0848
8.31374
227.098
30.59
18.3234
191.69
334.228
235.464
11.2572
9.95347
609.366
547.542
1227.64
419.135
394.18
875.049
1226.52
374.646
849.25
1363.44
415.368
1174.22
788.702
1462.74
984.687
1078.07
802.356
126.838
252.085
252.816
373.703
6.24762
10.1437
25.4613
22.5472
14.7323
342.208
435.034
222.694
417.024
218.74
228.779
18.5773
23.3788
281.865
17.4033
15.9812
34.7979
44.4001
1115.63
21.0067
305.218
424.812
226.263
264.964
263.781
866.479
447.74
15.398
16.7882
14.2227
11.2252
49.3899
322.549
16.3666
304.536
601.928
340.427
27.8824
18.3406
332.279
538.135
7.46673
7.03339
4.96226
6.65515
7.61295
4.1006
378.663
151.313
7.24514
17.0016
7.41732
34.1972
15.3956
5.27936
381.897
467.24
459.109
217.921
7.74108
4.79138
2.71532
170.755
950.643
4.89636
10.5161
29.204
281.406
234.381
34.9209
508.112
405.753
450.741
496.3
578.257
5.4411
864.038
1495.77
8.41941
360.731
327.19
587.872
351.035
15.9269
3.97517
1.84794
6.82813
2.92169
1.6951
360.341
303.943
370.156
916.052
696.357
370.97
133.171
201.047
988.916
751.784
335.294
344.863
150.192
22.8577
988.916
256.707
1148.06
829.522
2271.89
227.473
138.564
297.135
134.354
321.849
116.393
495.331
68.831
327.045
436.397
278.564
260.904
426.498
142.47
19.7397
133.771
136.392
191.303
98.198
157.148
100.092
183.163
238.102
77.1464
15.7743
3.91954
313.393
429.439
219.307
464.187
514.043
284.095
379.288
123.318
123.396
587.046
501.146
4.79154
3.75414
18.4844
6.08227
23.567
38.7831
201.905
1428.76
446.579
1165.8
366.918
6.6353
679.09
482.534
175.878
125.341
160.846
162.855
98.1473
67.622
76.7259
247.904
272.691
235.633
363.431
168.228
406.967
151.965
189.239
247.566
249.926
231.968
181.286
251.178
147.669
127.247
266.887
202.794
6.24108
10.2193
2.91014
8.46816
494.77
404.998
515.341
671.136
1036.38
776.868
19.6507
599.459
495.673
455.249
321.483
1226.75
606.079
749.884
486.581
400.314
268.354
1237.59
992.724
695.28
1542.12
573.232
480.654
614.007
724.097
1755.74
513.535
292.884
1057.31
399.25
480.574
450.49
249.043
1542.12
787.843
376.615
1111.69
347.189
244.636
537.298
212.993
492.63
696.676
925.028
977.846
489.664
848.204
447.881
192.305
750.534
106.346
4.0576
362.057
1003.7
338.935
282.979
1157.93
647.889
726.886
219.11
649.53
265.205
542.951
725.092
1075.27
293.564
404.998
458.457
175.604
256.742
216.67
370.233
960.622
742.824
384.45
510.319
1112.84
1098.55
344.284
602.184
566.849
433.326
221.285
527.562
448.941
571.499
428.71
503.558
647.248
807.876
598.726
396.76
1071.3
1811.02
406.737
381.814
619.271
504.964
531.346
503.537
213.251
669.652
823.744
448.258
588.268
292.404
373.078
347.678
156.841
224.045
791.607
679.214
429.074
551.304
545.473
308.124
405.679
947.075
1664.2
11.2379
8.29536
599.105
419.885
327.222
841.268
3.61465
1.88134
4.22247
647.663
3.69154
478.245
1017.9
400.181
316.683
297.771
446.208
504.539
19.7547
10.8219
542.256
3.84042
5.54904
271.392
4.28034
182.845
3.28726
5.89523
15.3375
283.106
256.667
34.5725
27.8824
453.834
249.18
6.13839
8.44207
2.05284
205.772
246.707
6.19911
244.549
391.21
6.18885
16.3421
5.53051
10.7262
601.217
439.666
225.646
554.931
12.8766
3.43535
267.207
453.249
232.859
369.452
3.94148
28.6435
8.33431
7.21806
12.0241
470.212
450.003
291.918
10.1467
283.587
449.606
160.27
1.2684
4.05318
4.47119
4.0376
14.9413
2.78046
5.09306
2.71243
421.878
382.39
478.106
195.135
147.008
81.747
7.50959
12.0018
27.3057
140.757
16.4509
7.74333
25.3414
292.759
158.571
281.617
972.774
647.814
647.324
443.222
905.971
401.93
869.1
824.711
263.224
80.947
89.7479
251.676
285.545
771.124
184.057
16.8737
10.5975
12.863
21.7776
13.1122
29.1765
34.6927
21.7215
5.17223
4.81075
2.88703
3.99995
3.90304
6.36759
217.783
327.19
647.286
647.814
55.1947
120.11
113.114
662.559
11.1799
4.02908
2.09461
4.75136
6.79825
119.046
102.894
133.171
262.321
318.588
385.479
225.631
494.404
404.984
351.666
240.403
404.984
390.527
126.219
855.369
230.362
222.335
557.267
897.763
497.342
430.473
712.438
651.679
513.671
528.735
150.393
187.752
252.356
472.369
735.42
500.355
245.955
651.679
246.506
235.133
1022.55
473.908
12.8766
311.848
602.605
1016.65
936.209
209.362
1072.33
14.3815
1017.77
1043.17
1583.78
599.649
242.434
138.492
365.566
1708.41
11.6108
10.9277
9.24383
299.849
649.071
12.1769
7.63407
172.49
121.679
139.268
150.338
547.438
597.01
278.439
401.809
103.063
162.787
231.095
706.03
790.864
605.978
396.133
594.962
141.644
578.849
338.059
731.125
674.209
669.697
208.245
1051.89
866.241
925.028
653.417
1232.81
774.745
692.867
465.816
634.785
646.979
882.698
164.885
7.90417
10.3542
1067.25
12.1931
10.812
3.88263
564.735
455.23
447.952
605.001
308.838
426.778
844.866
478.285
1341.31
1003.22
372.948
302.186
455.434
224.259
224.259
603.412
476.656
563.979
264.029
182.52
274.727
404.082
15.1433
14.9413
8.19848
17.4613
11.8791
143.908
111.457
77.4771
422.992
922.009
916.975
312.948
429.853
740.405
245.746
401.455
890.272
718.498
894.899
2267.62
1011.83
9.98499
100.288
9.04353
256.592
269.182
7.22593
5.66755
5.66755
6.80538
2.74892
99.3245
5.29938
222.07
279.418
184.397
166.836
741.46
176.659
61.4569
7.4699
16.1492
25.1677
21.4307
947.682
584.677
443.45
276.822
181.792
314.886
361.564
166.843
268.982
206.161
179.482
13.3239
248.598
8.37853
244.024
153.462
456.466
229.719
191.543
918.089
438.559
1684.44
367.992
558.441
397.374
351.666
526.492
746.921
395.175
97.2839
260.061
309.115
136.199
198.745
198.581
147.609
77.0284
263.524
399.443
354.389
412.246
381.376
419.086
534.08
5.25718
17.017
5.7637
6.18
2.82866
2.18946
2.20599
565.299
624.813
454.919
246.17
305.823
142.059
231.111
287.517
56.924
703.339
988.11
167.005
234.656
95.7868
107.466
421.716
1610.71
1537.78
1069.57
669.697
314.093
493.077
398.5
338.681
254.536
383.687
189.802
264.594
165.71
93.5368
357.638
383.537
388.589
289.882
285.284
341.542
287.517
335.761
302.795
306.592
315.809
176.403
373.902
397.93
244.455
156.607
93.1911
171.831
6.54495
3.94771
1.55126
2.83484
7.89339
2.14838
8.32419
176.595
144.688
17.8158
2.90054
4.28533
290.774
103.52
5.50416
4.00941
3.60018
4.02831
3.01445
5.57625
2.09461
2.7885
2.11639
1.84548
4.34651
1280.21
894.296
5.60598
6.43876
4.79301
252.16
166.811
2.82037
6.73083
6.69859
5.85608
8.30248
327.983
7.71484
2.18846
1.66127
2.47598
7.65137
2.51049
2.93545
2.78335
3.24933
393.328
354.242
3.53635
1.91517
2.61498
3.60795
331.282
4.89452
385.087
215.311
3.90304
6.07842
425.565
1.80787
2.18679
5.33326
3.21314
3.76133
5.85608
2.44726
10.7044
247.245
222.429
17.2501
132.431
118.054
24.214
336.855
9.58802
28.2095
185.268
127.018
387.491
181.312
264.088
501.146
201.37
188.015
7.96378
3.53665
12.4546
458.083
468.981
334.692
21.1611
257.409
1624.51
1452.8
1815.41
206.161
229.788
133.669
120.87
376.01
167.093
2287.14
1437.76
403.243
273.284
208.756
7.63458
18.835
487.854
386.999
650.91
416.122
111.806
90.2338
223.609
309.862
734.802
429.407
831.567
425.254
173.647
521.513
685.784
692.953
526.588
635.001
254.65
249.577
565.887
249.585
393.243
367.282
772.871
772.871
271.516
403.857
102.474
117.642
175.854
596.886
155.557
94.7911
152.869
230.239
97.8342
221.578
7.69395
178.908
625.583
16.6347
203.345
195.208
189.941
822.094
656.501
571.96
18.1911
426.334
643.292
585.646
421.008
219.473
346.831
413.224
447.792
475.061
303.413
618.107
307.84
664.69
325.972
691.755
1101.55
498.012
618.107
2555.86
1073.5
1216.41
1373.68
254.801
656.184
1558.41
1912.93
1867.6
150.192
231.823
195.054
1786.3
1493.17
152.545
108.941
199.235
164.735
140.57
12.4933
24.1828
14.0311
10.2936
480.878
236.853
94.9276
131.308
2.73967
8.62624
160.585
175.751
6.72271
13.2131
4.23873
5.47949
1.79569
5.00226
3.91771
5.70146
122.776
12.3215
174.659
120.346
125.31
179.095
180.432
17.8009
4.53967
6.09158
142.507
488.443
189.431
229.238
114.321
6.59436
6.36351
2.61095
293.362
362.516
297.555
217.421
367.992
246.25
464.589
572.394
237.449
112.412
181.584
192.592
9.53441
92.0047
8.14348
300.976
309.023
433.427
182.688
237.155
33.551
40.5713
10.7541
171.343
195.304
155.158
332.055
203.125
146.286
189.802
187.013
74.5896
94.7911
197.372
422.974
299.712
229.297
229.711
229.711
284.234
377.462
545.551
119.838
443.712
354.389
4.20606
6.85055
3.49444
13.0959
331.762
290.414
208.482
337.085
11.9954
5.52729
1.30028
4.66744
5.88489
4.76815
10.4919
95.3479
3.31007
261.032
3.86346
9.22255
1.90855
380.46
3.46428
1.75934
195.208
3.31007
11.5268
267.12
1.37539
223.918
170.794
141.963
244.724
174.959
178.252
178.252
1.56197
102.267
153.958
208.063
495.912
300.491
340.045
786.984
340.832
379.888
319.608
516.999
542.125
274.967
258.295
462.099
476.557
167.614
227.189
326.257
3.83649
1.79744
1.67063
20.7491
498.211
432.602
270.241
288.202
356.311
543.001
205.209
101.67
247.888
187.896
212.397
40.7201
13.433
284.308
477.983
199.474
244.972
643.929
228.463
216.216
365.797
314.655
317.242
816.851
488.484
796.238
15.7805
575.44
276.095
9.85213
565.045
3.04977
243.224
190.352
335.853
384.006
450.363
677.566
484.448
283.568
384.089
382.667
150.642
1222.53
1711.94
1841.73
667.894
1490.15
1684.44
16.2868
11.3626
5.84989
842.367
211.864
414.678
965.405
526.781
470.267
481.123
530.652
1159.05
1103.95
489.831
384.214
392.583
190.073
362.718
433.477
523.543
419.278
349.985
22.7806
349.985
222.54
11.4539
10.405
16.6543
173.983
247.099
239.918
1512.17
588.332
710.396
2194
897.852
1565
1084.52
903.39
153.823
2236.58
3218.44
1340.12
489.684
398.324
749.18
2192.14
385.799
666.429
408.919
1164.29
1850.21
929.132
2161.51
2067.14
3068.65
86.3334
102.838
186.553
323.565
321.095
282.61
217.255
297.36
471.442
425.268
356.423
405.119
575.703
311.024
945.563
331.103
434.9
740.147
1290.32
3.85623
11.6939
14.0858
1.48666
348.063
537.602
305.198
171.35
278.991
234.91
6.75928
5.83992
13.5365
194.751
1.12759
141.167
382.819
191.571
399.061
8.56396
97.0794
172.585
591.163
544.403
183.999
260.347
260.347
1668.05
951.878
2711.75
239.059
147.117
143.781
246.651
246.194
256.417
198.826
110.2
165.066
249.593
278.919
39.673
377.207
458.438
403.528
411.656
815.914
847.309
270.268
194.751
829.452
201.472
539.996
243.899
560.145
156.042
147.463
339.279
339.085
75.4321
201.616
221.769
75.5892
8.96957
628.264
260.947
141.981
179.127
754.629
438.319
644.529
229.56
390.203
1022.3
316.514
499.939
126.219
1.37151
8.68038
2.29629
3.90502
3.88247
2.55151
5.66114
209.362
551.919
560.145
482.309
196.519
1044.66
1239.66
906.333
464.798
240.137
421.555
596.633
471.462
597.517
398.311
981.302
1579.54
875.705
3809.26
3152.74
2108.25
915.686
520.014
380.91
2495.62
1581.12
1818.07
373.041
723.507
683.318
235.126
386.468
338.003
585.802
624.71
1013.3
274.451
213.871
2207.18
6552.35
4393.96
1931.63
3491.15
1777.24
1483.77
908.22
948.905
3060.78
1541.63
800.303
679.259
378.733
560.56
996.572
697.082
435.172
278.972
2810.17
639.428
891.636
308.594
375.795
1738.17
3152.74
1126.86
866.162
752.328
272.444
511.922
294.141
148.507
413.132
359.198
131.41
819.636
896.464
880.212
1084.37
1015.29
1036.25
881.369
467.684
401.335
752.328
245.938
194.039
289.23
662.399
1092.63
539.637
666.429
236.259
130.257
214.594
516.93
442.293
27.2984
12.5178
5.36446
378.191
417.909
115.98
230.142
1296.15
1156.26
771.766
499.215
1735.93
679.344
681.302
517.024
386.188
325.022
450.599
675.629
509.36
390.102
910.202
883.028
298.2
972.111
496.994
26.2671
8.8629
37.1551
17.6044
352.117
543.313
13.7611
7.22341
57.3786
138.341
4.42426
8.85811
14.4413
349.298
24.2583
13.959
7.54925
12.1223
2.61759
16.2924
5.50292
15.2021
0.706924
4.17534
7.06883
151.026
129.356
230.255
10.203
21.1575
277.435
239.574
246.762
261.43
56.4473
688.316
18.7862
8.03372
295.397
173.927
549.628
428.03
166.692
177.295
10.6216
2.65587
3.00239
1.18028
0.646953
0.995728
3.49444
1.29361
1.51015
2.81523
161.774
106.526
4.1017
2.49687
3.62628
12.868
8.22328
8.38355
7.49898
14.8156
2.81523
1.68774
1.42655
11.2139
11.2902
258.102
282.058
185.929
150.947
175.067
251.668
402.093
179.269
372.114
164.554
151.191
243.09
291.945
548.304
419.564
4.66305
2.55678
844.936
249.658
254.89
753.807
775.273
334.943
282.72
535.963
464.226
754.792
708.042
591.719
319.586
18.798
15.0787
21.3716
477.72
730.663
184.071
145.584
169.676
74.7182
4.58988
241.377
170.591
502.804
171.97
235.081
210.999
7.77697
9.36935
3.90772
0.905837
0.926717
186.192
211.353
183.464
115.409
126.026
9.20285
6.52749
7.13358
151.721
223.373
232.631
7.77697
12.6867
69.3801
8.73305
8.73305
9.7425
173.716
189.907
134.648
8.2924
16.5772
4.91726
133.879
79.7047
114.814
33.8282
24.3479
145.971
134.402
4.89318
9.74801
176.506
17.2907
22.2913
44.4881
8.34396
3.64897
18.4529
176.647
16.9984
12.5066
91.7021
6.26652
4.91542
77.3084
14.713
291.622
264.825
14.0016
14.8648
191.05
14.9992
5.97349
9.7459
15.3554
242.773
253.465
36.9431
490.614
8.94282
7.20702
13.1556
464.133
295.862
379.834
256.417
181.182
458.438
206.732
322.246
486.606
275.244
413.334
258.329
2.81388
1.81517
1.171
156.749
241.142
295.397
18.1923
3.99663
10.3037
2.71151
780.925
909.483
706.682
17.731
7.74462
14.6098
16.4177
7.20061
8.06419
7.10249
15.0897
23.4023
11.4164
4.69478
5.21809
9.07413
18.683
1.30748
15.0622
9.7459
2.315
5.30984
4.45411
171.97
534.178
225.875
2.02445
1.26004
1.50531
4.73424
4.58568
1.23922
3.01656
3.66105
3.03249
2.94982
5.45669
6.10737
1.94782
1.4524
2.00092
529.765
448.545
447.204
251.243
569.548
196.113
271.604
391.683
624.393
709.12
249.545
538.363
1243.36
10.3079
12.3034
11.5397
529.765
635.62
5.51635
3.25006
3.25006
5.65291
0.752999
419.247
14.0574
261.634
944.549
944.549
1025.1
464.133
393.905
197.819
16.5287
549.546
269.663
680.062
769.215
781.399
469.411
416.913
307.768
382.542
472.664
730.511
713.15
683.448
269.881
1065.24
561.666
620.715
777.107
741.614
318.991
947.887
519.517
7.97499
6.26652
3.31081
3.80128
14.9536
152.331
221.233
653.884
20.7051
5.94775
18.0384
662.917
7.26947
5.43327
227.458
9.37621
440.498
161.068
154.197
142.524
97.3414
177.692
700.675
398.838
143.376
190.985
167.356
302.017
107.967
336.331
335.102
295.803
458.323
749.504
245.697
252.446
823.333
344.393
334.103
690.163
668.795
277.507
/